{
 "cells": [
  {
   "cell_type": "code",
   "execution_count": 2,
   "metadata": {},
   "outputs": [
    {
     "name": "stdout",
     "output_type": "stream",
     "text": [
      "Jupyter environment detected. Enabling Open3D WebVisualizer.\n",
      "[Open3D INFO] WebRTC GUI backend enabled.\n",
      "[Open3D INFO] WebRTCWindowSystem: HTTP handshake server disabled.\n"
     ]
    }
   ],
   "source": [
    "import os\n",
    "import sys\n",
    "\n",
    "import numpy as np \n",
    "import open3d as o3d\n"
   ]
  },
  {
   "cell_type": "code",
   "execution_count": 95,
   "metadata": {},
   "outputs": [
    {
     "name": "stdout",
     "output_type": "stream",
     "text": [
      "[[1.01953125 0.88671875 2.27726722]\n",
      " [1.04296875 0.88671875 2.27699804]\n",
      " [1.05859375 0.88671875 2.27722216]\n",
      " ...\n",
      " [1.26609075 2.37890625 2.26171875]\n",
      " [1.26171875 2.38015151 2.26171875]\n",
      " [1.26171875 2.37890625 2.26367211]]\n",
      "[[0.28287324 1.02295592 1.13357777]\n",
      " [0.30509642 1.02689382 1.13579771]\n",
      " [0.31164948 1.0144455  1.14849564]\n",
      " ...\n",
      " [0.49383145 2.42138957 1.62567055]\n",
      " [0.49019162 2.42985608 1.62889702]\n",
      " [0.49414839 2.42393607 1.63102226]]\n",
      "(198835, 3)\n",
      "(198835, 3)\n"
     ]
    }
   ],
   "source": [
    "# demo_icp_clouds = o3d.data.DemoICPPointClouds()\n",
    "sigma = 0.005\n",
    "src = o3d.io.read_point_cloud(\"src.ply\")\n",
    "dst = o3d.io.read_point_cloud(f\"dst_noise_{sigma}.ply\")\n",
    "P = np.asarray(src.points)\n",
    "Q = np.asarray(dst.points)\n",
    "\n",
    "print(P)\n",
    "print(Q)\n",
    "print(P.shape)\n",
    "print(Q.shape)"
   ]
  },
  {
   "cell_type": "code",
   "execution_count": 96,
   "metadata": {},
   "outputs": [
    {
     "name": "stdout",
     "output_type": "stream",
     "text": [
      "198835\n",
      "198834\n",
      "66278\n",
      "[[ 78262  67929 134603]\n",
      " [160826  67523 189929]\n",
      " [158760 124440 183588]\n",
      " ...\n",
      " [ 34847   3286  14959]\n",
      " [  8146  61206  53642]\n",
      " [101630 126649 169133]]\n",
      "(66278, 3)\n",
      "[[2.16015625 1.72265625 1.86595058]\n",
      " [2.17357731 1.60546875 1.85546875]\n",
      " [2.69921875 2.25390625 1.07963181]]\n",
      "<class 'numpy.matrix'>\n",
      "[[1.46101863 1.74560496 1.61303415]\n",
      " [1.47555283 1.6296545  1.57219541]\n",
      " [2.34344063 2.35672117 1.39527359]]\n",
      "<class 'numpy.matrix'>\n",
      "(3, 3)\n",
      "(3, 3)\n"
     ]
    }
   ],
   "source": [
    "# Kabsch algorithm for unique random pairs\n",
    "\n",
    "print(P.shape[0])\n",
    "N_all = P.shape[0] - P.shape[0]%P.shape[1]\n",
    "print(N_all) # 0 ~ 198833\n",
    "stride = int(N_all/3)\n",
    "print(stride)\n",
    "\n",
    "# unique random 3 indices\n",
    "SEED = 0 # deterministic\n",
    "indices_random = np.random.default_rng(seed=SEED).choice(P.shape[0], N_all, replace=False).reshape((stride, P.shape[1]))\n",
    "print(indices_random)\n",
    "print(indices_random.shape)\n",
    "\n",
    "# select from indices\n",
    "P_selected = np.asmatrix(P[indices_random[0]])\n",
    "# P_selected = np.asmatrix(P[0])\n",
    "print(P_selected)\n",
    "print(type(P_selected))\n",
    "Q_selected = np.asmatrix(Q[indices_random[0]])\n",
    "# Q_selected = np.asmatrix(Q[0])\n",
    "print(Q_selected)\n",
    "print(type(Q_selected))\n",
    "\n",
    "print(P_selected.shape)\n",
    "print(Q_selected.shape)"
   ]
  },
  {
   "cell_type": "code",
   "execution_count": 125,
   "metadata": {},
   "outputs": [
    {
     "name": "stdout",
     "output_type": "stream",
     "text": [
      "[DEBUG] Reflection detected\n",
      "[[ 0.84341903 -0.14355385  0.51772254]\n",
      " [ 0.00720871  0.96657868  0.25626878]\n",
      " [-0.53720794 -0.21240985  0.8162657 ]]\n",
      "[[ 0.34896662]\n",
      " [-0.3940848 ]\n",
      " [ 1.71109633]]\n",
      "(3, 1)\n",
      "[[ 0.84341903 -0.14355385  0.51772254  0.34896662]\n",
      " [ 0.00720871  0.96657868  0.25626878 -0.3940848 ]\n",
      " [-0.53720794 -0.21240985  0.8162657   1.71109633]\n",
      " [ 0.          0.          0.          1.        ]]\n"
     ]
    }
   ],
   "source": [
    "def rigid_transform_3D(A, B, scale):\n",
    "\n",
    "    assert len(A) == len(B)\n",
    "    N = A.shape[0]\n",
    "\n",
    "    # mean of each point cloud\n",
    "    Am = np.mean(A, axis=0)\n",
    "    Bm = np.mean(B, axis=0)\n",
    "\n",
    "    # if len(Am.shape) == 1: Am = Am.reshape(1, N)\n",
    "    # if len(Bm.shape) == 1: Bm = Bm.reshape(1, N)\n",
    "\n",
    "    # centered point clouds\n",
    "    Ac = A - np.tile(Am, (N, 1))\n",
    "    Bc = B - np.tile(Bm, (N, 1))\n",
    "\n",
    "    H = np.transpose(Bc) * Ac # NOTE: Kabsch; H = P^T \\cdot Q\n",
    "    if scale: H /= N\n",
    "\n",
    "    \"\"\"\n",
    "    Based on rotation formula, optimal rotation R is\n",
    "\n",
    "    R = sqrt(H^T \\cdot H) \\cdot H^-1\n",
    "\n",
    "    since directly solving this is complicated and hard to handle edge cases (e.g., singular H), use SVD\n",
    "    \"\"\"\n",
    "\n",
    "    U, S, Vt = np.linalg.svd(H) # NOTE: Kabsch; H = USV^T\n",
    "    \n",
    "    R = Vt.T * U.T # NOTE: Kabsch; R = V \\cdot U^T\n",
    "\n",
    "    # special reflection case\n",
    "    if np.linalg.det(R) < 0:\n",
    "        print(\"[DEBUG] Reflection detected\")\n",
    "        Vt[2, :] *= -1\n",
    "        R = Vt.T * U.T\n",
    "    \n",
    "    if scale:\n",
    "        Avar = np.var(A, axis=0).sum()\n",
    "        c = 1 / (1 / Avar * np.sum(S)) # scale singular value\n",
    "        t = -R.dot(Bm.T * c) + Am.T\n",
    "        \n",
    "    else:\n",
    "        c = 1\n",
    "        t = -R.dot(Bm.T) + Am.T\n",
    "\n",
    "    return c, R, t\n",
    "\n",
    "\n",
    "s, R, t = rigid_transform_3D(P_selected, Q_selected, False)\n",
    "print(R)\n",
    "print(t)\n",
    "pose_from_kabsch = np.eye(4)\n",
    "pose_from_kabsch[:3, :3] = R\n",
    "print(t.shape)\n",
    "pose_from_kabsch[0, 3] = t[0]\n",
    "pose_from_kabsch[1, 3] = t[1]\n",
    "pose_from_kabsch[2, 3] = t[2]\n",
    "print(pose_from_kabsch)"
   ]
  },
  {
   "cell_type": "code",
   "execution_count": 98,
   "metadata": {},
   "outputs": [
    {
     "name": "stdout",
     "output_type": "stream",
     "text": [
      "[[2.16015625 1.72265625 1.86595058]\n",
      " [2.17357731 1.60546875 1.85546875]\n",
      " [2.69921875 2.25390625 1.07963181]]\n",
      "[[2.15915085 1.72444852 1.86722304]\n",
      " [2.17300144 1.60190419 1.85651778]\n",
      " [2.70080002 2.25567854 1.07731032]]\n"
     ]
    }
   ],
   "source": [
    "P_selected2 = (R * Q_selected.T) + np.tile(t, (1, 3))\n",
    "P_selected2 = P_selected2.T\n",
    "print(P_selected)\n",
    "print(P_selected2)"
   ]
  },
  {
   "cell_type": "code",
   "execution_count": 99,
   "metadata": {},
   "outputs": [],
   "source": [
    "# export point clouds\n",
    "\n",
    "# np.savetxt(\"P_selected.txt\", P_selected)\n",
    "# np.savetxt(\"Q_selected.txt\", Q_selected)"
   ]
  },
  {
   "cell_type": "code",
   "execution_count": 126,
   "metadata": {},
   "outputs": [
    {
     "name": "stdout",
     "output_type": "stream",
     "text": [
      "[DEBUG] np.linalg.inv(T) = \n",
      "[[ 0.84035666 -0.14698139  0.52217257  0.34992254]\n",
      " [ 0.00650732  0.96478213  0.26252432 -0.39637089]\n",
      " [-0.54174376 -0.21667365  0.81183005  1.73064813]\n",
      " [ 0.          0.          0.          1.        ]]\n",
      "[DEBUG] pose_from_kabsch = \n",
      "[[ 0.84341903 -0.14355385  0.51772254  0.34896662]\n",
      " [ 0.00720871  0.96657868  0.25626878 -0.3940848 ]\n",
      " [-0.53720794 -0.21240985  0.8162657   1.71109633]\n",
      " [ 0.          0.          0.          1.        ]]\n",
      "[[1.15614972 1.91443183 2.27275112]]\n",
      "[[1.16796875 1.91015625 2.26572371]]\n"
     ]
    }
   ],
   "source": [
    "# TODO: check ordering\n",
    "\n",
    "T = np.loadtxt(\"reg_p2l.txt\")\n",
    "\n",
    "q_h = np.ndarray((Q_selected[0].shape[0], Q_selected[0].shape[1]+1))\n",
    "q_h[:, :3] = Q_selected[0]\n",
    "q_h[:, 3] = 1.0\n",
    "q_h = q_h.T\n",
    "\n",
    "print(f\"[DEBUG] np.linalg.inv(T) = \\n{np.linalg.inv(T)}\")\n",
    "print(f\"[DEBUG] pose_from_kabsch = \\n{pose_from_kabsch}\")\n",
    "Tq = np.linalg.inv(T).dot(q_h).T[:, :3]\n",
    "print(Tq)\n",
    "print(P_selected[0])"
   ]
  },
  {
   "cell_type": "code",
   "execution_count": 102,
   "metadata": {},
   "outputs": [
    {
     "name": "stdout",
     "output_type": "stream",
     "text": [
      "[[ 0.85795064 -0.18121937  0.48070806]\n",
      " [ 0.02319935  0.94842963  0.31613767]\n",
      " [-0.51320804 -0.2600784   0.81790998]]\n",
      "[[ 0.4466079 ]\n",
      " [-0.47497049]\n",
      " [ 1.75170697]]\n",
      "[DEBUG] Reflection detected\n",
      "[[ 0.83916308 -0.14865684  0.52316964]\n",
      " [ 0.01346009  0.96730307  0.25326585]\n",
      " [-0.5437133  -0.20548944  0.81372596]]\n",
      "[[ 0.35330125]\n",
      " [-0.39793547]\n",
      " [ 1.705586  ]]\n",
      "[DEBUG] Reflection detected\n",
      "[[ 0.83888475 -0.14731151  0.5239959 ]\n",
      " [ 0.00885982  0.96624874  0.2574585 ]\n",
      " [-0.54423697 -0.2113355   0.81187648]]\n",
      "[[ 0.34606912]\n",
      " [-0.39997311]\n",
      " [ 1.7173428 ]]\n",
      "[DEBUG] Reflection detected\n",
      "[[ 0.84464971 -0.14807441  0.51443253]\n",
      " [ 0.00928516  0.96489032  0.26248896]\n",
      " [-0.53523887 -0.21693464  0.81636923]]\n",
      "[[ 0.35636303]\n",
      " [-0.4056005 ]\n",
      " [ 1.71282677]]\n",
      "[DEBUG] Reflection detected\n",
      "[[ 0.83915661 -0.14662967  0.52375178]\n",
      " [ 0.00874     0.96648504  0.25657411]\n",
      " [-0.54381964 -0.21072827  0.81231385]]\n",
      "[[ 0.34820852]\n",
      " [-0.39046084]\n",
      " [ 1.72170876]]\n",
      "[DEBUG] Reflection detected\n",
      "[[ 0.83684151 -0.14207727  0.52868738]\n",
      " [-0.00798416  0.96246542  0.27128686]\n",
      " [-0.54738702 -0.23124523  0.80429665]]\n",
      "[[ 0.33591648]\n",
      " [-0.37185772]\n",
      " [ 1.78956448]]\n",
      "[[ 0.83183556 -0.1329579   0.53886158]\n",
      " [-0.01462315  0.9652958   0.26074927]\n",
      " [-0.5548295  -0.22478037  0.80102311]]\n",
      "[[ 0.32123843]\n",
      " [-0.34746293]\n",
      " [ 1.78745667]]\n",
      "[DEBUG] Reflection detected\n",
      "[[ 0.83714034 -0.13994307  0.5287835 ]\n",
      " [ 0.00295769  0.96786233  0.25146326]\n",
      " [-0.54698017 -0.20894606  0.8106505 ]]\n",
      "[[ 0.33644184]\n",
      " [-0.38526719]\n",
      " [ 1.72460172]]\n",
      "[DEBUG] Reflection detected\n",
      "[[ 0.84813891 -0.14574007  0.50933312]\n",
      " [ 0.01276661  0.96675946  0.25536869]\n",
      " [-0.52962006 -0.21008566  0.82180691]]\n",
      "[[ 0.35179803]\n",
      " [-0.40199906]\n",
      " [ 1.67122828]]\n",
      "[[ 0.84226988 -0.14476466  0.51925394]\n",
      " [ 0.00407331  0.96494685  0.26241375]\n",
      " [-0.53904069 -0.21890812  0.81333534]]\n",
      "[[ 0.35085008]\n",
      " [-0.38857124]\n",
      " [ 1.72736282]]\n",
      "[DEBUG] Reflection detected\n",
      "[[ 0.83667933 -0.14408754  0.52839992]\n",
      " [ 0.00768016  0.96776555  0.2517357 ]\n",
      " [-0.54763922 -0.20656386  0.81081605]]\n",
      "[[ 0.33880847]\n",
      " [-0.39330504]\n",
      " [ 1.71909893]]\n",
      "[DEBUG] Reflection detected\n",
      "[[ 0.84215866 -0.14028454  0.52066212]\n",
      " [ 0.00335713  0.96691158  0.25508965]\n",
      " [-0.53921936 -0.21307803  0.81476391]]\n",
      "[[ 0.32860934]\n",
      " [-0.38684116]\n",
      " [ 1.7161144 ]]\n",
      "[DEBUG] Reflection detected\n",
      "[[ 0.83813356 -0.1424076   0.52654744]\n",
      " [ 0.0066548   0.96791613  0.25118535]\n",
      " [-0.54542446 -0.20702281  0.81219069]]\n",
      "[[ 0.33868893]\n",
      " [-0.39054533]\n",
      " [ 1.71405665]]\n",
      "[DEBUG] Reflection detected\n",
      "[[ 0.83584796 -0.14582027  0.52923968]\n",
      " [ 0.01435823  0.96955251  0.24446223]\n",
      " [-0.54877321 -0.19673431  0.8124922 ]]\n",
      "[[ 0.34639374]\n",
      " [-0.39358664]\n",
      " [ 1.69825029]]\n",
      "[[ 0.83796878 -0.13887416  0.52775212]\n",
      " [ 0.0014002   0.96762209  0.25239953]\n",
      " [-0.54571638 -0.21076397  0.81103155]]\n",
      "[[ 0.32704896]\n",
      " [-0.38934203]\n",
      " [ 1.72100964]]\n",
      "[DEBUG] Reflection detected\n",
      "[[ 0.84828287 -0.16162393  0.5042756 ]\n",
      " [ 0.01205241  0.95792992  0.28674904]\n",
      " [-0.52940619 -0.23716656  0.81454349]]\n",
      "[[ 0.38965532]\n",
      " [-0.41709752]\n",
      " [ 1.75629299]]\n",
      "[[ 8.36966129e-01 -1.37127854e-01  5.29795858e-01]\n",
      " [-7.46399471e-04  9.67810482e-01  2.51678989e-01]\n",
      " [-5.47254184e-01 -2.11042228e-01  8.09922241e-01]]\n",
      "[[ 0.33248029]\n",
      " [-0.38462107]\n",
      " [ 1.72927599]]\n",
      "[[ 0.83963091 -0.15286762  0.52120191]\n",
      " [ 0.00553942  0.96193816  0.27321107]\n",
      " [-0.54312914 -0.2265093   0.80851981]]\n",
      "[[ 0.36158499]\n",
      " [-0.40531386]\n",
      " [ 1.76110678]]\n",
      "[[ 0.84054681 -0.1466443   0.52151366]\n",
      " [ 0.00330501  0.96403624  0.26575028]\n",
      " [-0.54172883 -0.22165194  0.81080225]]\n",
      "[[ 0.3529429 ]\n",
      " [-0.39241561]\n",
      " [ 1.74612259]]\n",
      "[[ 0.83847847 -0.13535875  0.52785591]\n",
      " [ 0.00171129  0.96930825  0.24584261]\n",
      " [-0.54493203 -0.20523043  0.81297574]]\n",
      "[[ 0.31763279]\n",
      " [-0.37708634]\n",
      " [ 1.70188807]]\n",
      "[[ 0.83936144 -0.1484086   0.52292186]\n",
      " [ 0.00510728  0.96411798  0.26542502]\n",
      " [-0.54354972 -0.22011682  0.81000141]]\n",
      "[[ 0.35196164]\n",
      " [-0.39975128]\n",
      " [ 1.74597306]]\n",
      "[DEBUG] Reflection detected\n",
      "[[ 0.83835537 -0.15192967  0.52352426]\n",
      " [ 0.00819506  0.9637804   0.26657115]\n",
      " [-0.54506249 -0.21919104  0.80923555]]\n",
      "[[ 0.36320229]\n",
      " [-0.40228195]\n",
      " [ 1.74387972]]\n",
      "[DEBUG] Reflection detected\n",
      "[[ 0.84614437 -0.14509032  0.51282404]\n",
      " [ 0.00787767  0.96552968  0.26017375]\n",
      " [-0.53289552 -0.2161047   0.81812048]]\n",
      "[[ 0.35798259]\n",
      " [-0.40157676]\n",
      " [ 1.70881612]]\n",
      "[DEBUG] Reflection detected\n",
      "[[ 0.84549683 -0.14791635  0.51308465]\n",
      " [ 0.00659292  0.96368636  0.26695531]\n",
      " [-0.53393974 -0.22232714  0.81576896]]\n",
      "[[ 0.35685983]\n",
      " [-0.40173739]\n",
      " [ 1.72442493]]\n",
      "[DEBUG] Reflection detected\n",
      "[[ 0.84174144 -0.1433597   0.52049914]\n",
      " [ 0.01111505  0.96849736  0.24877563]\n",
      " [-0.53976644 -0.20361938  0.81681781]]\n",
      "[[ 0.34449626]\n",
      " [-0.38929927]\n",
      " [ 1.6868242 ]]\n",
      "[DEBUG] Reflection detected\n",
      "[[ 0.84060322 -0.14696006  0.52133383]\n",
      " [ 0.00266917  0.96360182  0.26732826]\n",
      " [-0.54164481 -0.22332547  0.81039906]]\n",
      "[[ 0.35011315]\n",
      " [-0.39769052]\n",
      " [ 1.73988934]]\n",
      "[[ 0.83879461 -0.13021491  0.52864702]\n",
      " [ 0.00176802  0.97162437  0.23652262]\n",
      " [-0.54444511 -0.19745924  0.81522351]]\n",
      "[[ 0.31108569]\n",
      " [-0.3670673 ]\n",
      " [ 1.68994656]]\n",
      "[[ 0.84298428 -0.15183627  0.51606517]\n",
      " [ 0.005086    0.96154586  0.27459732]\n",
      " [-0.53791416 -0.22885652  0.81134028]]\n",
      "[[ 0.36357218]\n",
      " [-0.40680543]\n",
      " [ 1.75212155]]\n",
      "[[ 8.36625997e-01 -1.31696914e-01  5.31707498e-01]\n",
      " [ 2.53974997e-05  9.70677847e-01  2.40384100e-01]\n",
      " [-5.47774534e-01 -2.01098084e-01  8.12097667e-01]]\n",
      "[[ 0.31699188]\n",
      " [-0.37533075]\n",
      " [ 1.70914485]]\n",
      "[[ 0.84066434 -0.1457596   0.52157224]\n",
      " [ 0.00454972  0.96496535  0.26233791]\n",
      " [-0.54153741 -0.21816512  0.81187512]]\n",
      "[[ 0.34166779]\n",
      " [-0.39121602]\n",
      " [ 1.73358337]]\n",
      "[[ 0.83971758 -0.15261255  0.52113702]\n",
      " [ 0.01055775  0.96410233  0.265321  ]\n",
      " [-0.54292073 -0.21729268  0.81118492]]\n",
      "[[ 0.36534971]\n",
      " [-0.4085118 ]\n",
      " [ 1.7339762 ]]\n",
      "[DEBUG] Reflection detected\n",
      "[[ 0.84121591 -0.14465782  0.52098936]\n",
      " [ 0.00517263  0.96565614  0.25977194]\n",
      " [-0.54067462 -0.21582941  0.81307357]]\n",
      "[[ 0.34284003]\n",
      " [-0.3896904 ]\n",
      " [ 1.72846309]]\n",
      "[[ 0.84071062 -0.14617144  0.52138236]\n",
      " [ 0.00871277  0.96640258  0.25688545]\n",
      " [-0.54141457 -0.21142364  0.81373848]]\n",
      "[[ 0.35070055]\n",
      " [-0.39643185]\n",
      " [ 1.71661566]]\n",
      "[[ 0.84346842 -0.14275221  0.51786373]\n",
      " [-0.00704671  0.96102023  0.27638824]\n",
      " [-0.53713255 -0.23677398  0.80958428]]\n",
      "[[ 0.34787632]\n",
      " [-0.39313818]\n",
      " [ 1.7602807 ]]\n",
      "[DEBUG] Reflection detected\n",
      "[[ 0.8425287  -0.17244316  0.51030261]\n",
      " [ 0.01682727  0.95533445  0.29504735]\n",
      " [-0.53838856 -0.23999886  0.80779843]]\n",
      "[[ 0.4227061 ]\n",
      " [-0.42864766]\n",
      " [ 1.78637717]]\n",
      "[[ 0.83991278 -0.14310584  0.52351432]\n",
      " [ 0.00770257  0.96765573  0.25215681]\n",
      " [-0.54266675 -0.20775732  0.8138487 ]]\n",
      "[[ 0.34219059]\n",
      " [-0.39848883]\n",
      " [ 1.70931161]]\n",
      "[[ 0.84278337 -0.14121242  0.51939892]\n",
      " [ 0.00437684  0.96673794  0.25573151]\n",
      " [-0.53823511 -0.21325293  0.81536872]]\n",
      "[[ 0.34237522]\n",
      " [-0.39488228]\n",
      " [ 1.713915  ]]\n",
      "[[ 0.83392473 -0.14426555  0.53268847]\n",
      " [-0.01304901  0.95980403  0.28036752]\n",
      " [-0.55172391 -0.24075647  0.79852179]]\n",
      "[[ 0.33896247]\n",
      " [-0.37157221]\n",
      " [ 1.82492988]]\n",
      "[[ 0.84296321 -0.16484929  0.51209153]\n",
      " [-0.00667843  0.94861393  0.31636533]\n",
      " [-0.53792976 -0.2701043   0.7985457 ]]\n",
      "[[ 0.39186599]\n",
      " [-0.43099079]\n",
      " [ 1.83841704]]\n",
      "[DEBUG] Reflection detected\n",
      "[[ 0.83639264 -0.14953614  0.52733887]\n",
      " [ 0.01440753  0.96773283  0.25156629]\n",
      " [-0.54794139 -0.20281054  0.81155906]]\n",
      "[[ 0.35104662]\n",
      " [-0.3968658 ]\n",
      " [ 1.71772621]]\n",
      "[[ 0.8388814  -0.1416522   0.52555937]\n",
      " [ 0.00122892  0.96603446  0.25841036]\n",
      " [-0.54431285 -0.21612978  0.81056242]]\n",
      "[[ 0.33991514]\n",
      " [-0.38956125]\n",
      " [ 1.7349783 ]]\n",
      "[DEBUG] Reflection detected\n",
      "[[ 0.84649024 -0.14285654  0.51288038]\n",
      " [ 0.00215712  0.96424124  0.26501733]\n",
      " [-0.53239987 -0.22322824  0.81652895]]\n",
      "[[ 0.34463349]\n",
      " [-0.39238922]\n",
      " [ 1.72157206]]\n",
      "[[ 0.84087427 -0.14625873  0.52109389]\n",
      " [ 0.00699105  0.96564959  0.25975373]\n",
      " [-0.54118535 -0.21477724  0.81301239]]\n",
      "[[ 0.34529708]\n",
      " [-0.3914056 ]\n",
      " [ 1.71879179]]\n",
      "[DEBUG] Reflection detected\n",
      "[[ 0.85476484 -0.18535656  0.48478863]\n",
      " [ 0.02631076  0.9483282   0.3161983 ]\n",
      " [-0.51834816 -0.25752003  0.81547447]]\n",
      "[[ 0.4657901 ]\n",
      " [-0.45314254]\n",
      " [ 1.78933185]]\n",
      "[DEBUG] Reflection detected\n",
      "[[ 0.84652503 -0.1473196   0.51155871]\n",
      " [ 0.00318335  0.96232993  0.27186572]\n",
      " [-0.53233941 -0.22851266  0.81510534]]\n",
      "[[ 0.35829265]\n",
      " [-0.40483106]\n",
      " [ 1.74447761]]\n",
      "[DEBUG] Reflection detected\n",
      "[[ 0.84095138 -0.15273748  0.51910696]\n",
      " [ 0.00790543  0.96270154  0.2704501 ]\n",
      " [-0.54105293 -0.22333162  0.81079265]]\n",
      "[[ 0.36181321]\n",
      " [-0.41027486]\n",
      " [ 1.73752607]]\n",
      "[[ 0.83737219 -0.14998495  0.5256542 ]\n",
      " [ 0.01097779  0.96604167  0.25815302]\n",
      " [-0.54652293 -0.21039964  0.81058293]]\n",
      "[[ 0.35627981]\n",
      " [-0.39949289]\n",
      " [ 1.72986948]]\n",
      "[[ 0.84370536 -0.14792125  0.51602381]\n",
      " [ 0.0030587   0.9625936   0.2709321 ]\n",
      " [-0.53679784 -0.2270085   0.81259782]]\n",
      "[[ 0.35844229]\n",
      " [-0.39386798]\n",
      " [ 1.73556684]]\n",
      "[DEBUG] Reflection detected\n",
      "[[ 0.839865   -0.14722988  0.52244631]\n",
      " [ 0.00365974  0.96402476  0.26578725]\n",
      " [-0.54278301 -0.22131339  0.81018948]]\n",
      "[[ 0.34964503]\n",
      " [-0.39703736]\n",
      " [ 1.74422987]]\n",
      "[DEBUG] Reflection detected\n",
      "[[ 0.85456073 -0.14310361  0.49924675]\n",
      " [ 0.00543003  0.96369815  0.26693893]\n",
      " [-0.51932309 -0.2254046   0.82431565]]\n",
      "[[ 0.33930877]\n",
      " [-0.40156883]\n",
      " [ 1.66881501]]\n",
      "[DEBUG] Reflection detected\n",
      "[[ 0.83367702 -0.13757154  0.53484268]\n",
      " [ 0.00515128  0.97037024  0.24156791]\n",
      " [-0.55222829 -0.19863449  0.80968405]]\n",
      "[[ 0.31470528]\n",
      " [-0.38376751]\n",
      " [ 1.69387591]]\n",
      "[DEBUG] Reflection detected\n",
      "[[ 0.84867355 -0.15042307  0.50707604]\n",
      " [ 0.03102816  0.97121427  0.2361781 ]\n",
      " [-0.52800612 -0.18470447  0.82891121]]\n",
      "[[ 0.36768023]\n",
      " [-0.41554928]\n",
      " [ 1.61465145]]\n",
      "[[ 0.83922235 -0.14861481  0.5230865 ]\n",
      " [ 0.00508683  0.96403359  0.26573175]\n",
      " [-0.54376463 -0.22034717  0.80979452]]\n",
      "[[ 0.35287178]\n",
      " [-0.39348984]\n",
      " [ 1.74180738]]\n",
      "[[ 0.8451503  -0.1521088   0.5124294 ]\n",
      " [ 0.01928896  0.96671073  0.2551437 ]\n",
      " [-0.5341806  -0.20575054  0.81994988]]\n",
      "[[ 0.37340514]\n",
      " [-0.41563801]\n",
      " [ 1.67816605]]\n",
      "[DEBUG] Reflection detected\n",
      "[[ 0.84410105 -0.1474114   0.51552235]\n",
      " [ 0.00857451  0.96505334  0.2619132 ]\n",
      " [-0.53611556 -0.21666085  0.81586652]]\n",
      "[[ 0.35916416]\n",
      " [-0.39954026]\n",
      " [ 1.71083351]]\n",
      "[[ 0.84068233 -0.14716312  0.52114896]\n",
      " [-0.00217331  0.96144183  0.27499977]\n",
      " [-0.54152423 -0.23232007  0.80794733]]\n",
      "[[ 0.35030403]\n",
      " [-0.38612061]\n",
      " [ 1.7690146 ]]\n",
      "[[ 0.84276061 -0.14745545  0.51769822]\n",
      " [ 0.00856371  0.96529961  0.26100445]\n",
      " [-0.53822042 -0.21553085  0.81477925]]\n",
      "[[ 0.35526801]\n",
      " [-0.39900899]\n",
      " [ 1.72041058]]\n",
      "[[ 0.83727867 -0.14477425  0.52726164]\n",
      " [ 0.01970776  0.97167346  0.23550435]\n",
      " [-0.54642111 -0.18679163  0.81641464]]\n",
      "[[ 0.33784776]\n",
      " [-0.39601249]\n",
      " [ 1.68876757]]\n",
      "[[ 0.83834653 -0.14260383  0.52615515]\n",
      " [ 0.00194762  0.96595581  0.25869977]\n",
      " [-0.5451342  -0.2158553   0.81008344]]\n",
      "[[ 0.34101012]\n",
      " [-0.37986876]\n",
      " [ 1.74496911]]\n",
      "[[ 8.38361070e-01 -1.44982154e-01  5.25481581e-01]\n",
      " [ 2.12632514e-04  9.64069307e-01  2.65650760e-01]\n",
      " [-5.45115283e-01 -2.22599521e-01  8.08269003e-01]]\n",
      "[[ 0.34465842]\n",
      " [-0.38172082]\n",
      " [ 1.75210763]]\n",
      "[[ 0.84592381 -0.14764465  0.51245875]\n",
      " [ 0.00179391  0.96169576  0.27411322]\n",
      " [-0.53330076 -0.23095959  0.8137862 ]]\n",
      "[[ 0.35488797]\n",
      " [-0.39319211]\n",
      " [ 1.74475167]]\n",
      "[DEBUG] Reflection detected\n",
      "[[ 0.84077482 -0.16208021  0.51655368]\n",
      " [ 0.01912457  0.96243003  0.27085549]\n",
      " [-0.54104709 -0.21784961  0.81228665]]\n",
      "[[ 0.38196089]\n",
      " [-0.432194  ]\n",
      " [ 1.7309252 ]]\n",
      "[DEBUG] Reflection detected\n",
      "[[ 8.37507263e-01 -1.50193095e-01  5.25379500e-01]\n",
      " [ 2.72753721e-04  9.61597795e-01  2.74462396e-01]\n",
      " [-5.46426125e-01 -2.29720950e-01  8.05386103e-01]]\n",
      "[[ 0.35682483]\n",
      " [-0.39578162]\n",
      " [ 1.77208686]]\n",
      "[[ 0.84091973 -0.13932119  0.52291836]\n",
      " [-0.00347018  0.9648837   0.26265455]\n",
      " [-0.54114874 -0.22268601  0.81090627]]\n",
      "[[ 0.33032518]\n",
      " [-0.37576479]\n",
      " [ 1.74191863]]\n",
      "[DEBUG] Reflection detected\n",
      "[[ 0.84054792 -0.14356135  0.52236896]\n",
      " [ 0.00261882  0.96531342  0.2610807 ]\n",
      " [-0.54173087 -0.21808285  0.81176815]]\n",
      "[[ 0.34144812]\n",
      " [-0.3930857 ]\n",
      " [ 1.73155066]]\n",
      "[DEBUG] Reflection detected\n",
      "[[ 0.84540967 -0.15331353  0.51164192]\n",
      " [ 0.00901829  0.96187924  0.27332582]\n",
      " [-0.53404228 -0.22645816  0.81456464]]\n",
      "[[ 0.36135442]\n",
      " [-0.41461257]\n",
      " [ 1.73056201]]\n",
      "[DEBUG] Reflection detected\n",
      "[[ 0.84180556 -0.14239967  0.52065894]\n",
      " [ 0.00960181  0.96837239  0.24932454]\n",
      " [-0.53969547 -0.20488352  0.81654856]]\n",
      "[[ 0.33905201]\n",
      " [-0.38967161]\n",
      " [ 1.69302989]]\n",
      "[DEBUG] Reflection detected\n",
      "[[ 0.83627393 -0.15214875  0.52677953]\n",
      " [ 0.00409996  0.96243805  0.27147041]\n",
      " [-0.54829655 -0.22486385  0.80548566]]\n",
      "[[ 0.3569593 ]\n",
      " [-0.40129125]\n",
      " [ 1.7507189 ]]\n",
      "[[ 0.84523448 -0.15747477  0.51066659]\n",
      " [ 0.00936679  0.95981542  0.28047571]\n",
      " [-0.53431352 -0.23228443  0.81274412]]\n",
      "[[ 0.3771966 ]\n",
      " [-0.41981449]\n",
      " [ 1.75015571]]\n",
      "[DEBUG] Reflection detected\n",
      "[[ 0.83925489 -0.1510427   0.52233834]\n",
      " [ 0.00684492  0.96350177  0.26761444]\n",
      " [-0.54369512 -0.22102136  0.80965744]]\n",
      "[[ 0.35783984]\n",
      " [-0.40675706]\n",
      " [ 1.74521052]]\n",
      "[DEBUG] Reflection detected\n",
      "[[ 0.84173162 -0.14827936  0.51913496]\n",
      " [ 0.00971953  0.96555187  0.26002907]\n",
      " [-0.53980867 -0.21382894  0.81417675]]\n",
      "[[ 0.35446351]\n",
      " [-0.40566598]\n",
      " [ 1.71858526]]\n",
      "[[ 0.84419288 -0.15431757  0.51334635]\n",
      " [ 0.01863008  0.96553305  0.25961289]\n",
      " [-0.53571569 -0.20959967  0.81797107]]\n",
      "[[ 0.37030077]\n",
      " [-0.41901339]\n",
      " [ 1.69340511]]\n",
      "[DEBUG] Reflection detected\n",
      "[[ 0.84022767 -0.14687501  0.52196282]\n",
      " [ 0.0091964   0.96633742  0.25711361]\n",
      " [-0.54215577 -0.21123379  0.81329417]]\n",
      "[[ 0.35119749]\n",
      " [-0.39897333]\n",
      " [ 1.72254335]]\n",
      "[[ 0.83812217 -0.14396272  0.52614254]\n",
      " [ 0.00620032  0.96699704  0.25471217]\n",
      " [-0.54544733 -0.21021766  0.81135427]]\n",
      "[[ 0.34851676]\n",
      " [-0.3897836 ]\n",
      " [ 1.72464161]]\n",
      "[[ 0.83935941 -0.14507238  0.52386046]\n",
      " [ 0.00754064  0.96674327  0.25563762]\n",
      " [-0.54352453 -0.2106216   0.812539  ]]\n",
      "[[ 0.349951  ]\n",
      " [-0.39039083]\n",
      " [ 1.7202639 ]]\n",
      "[DEBUG] Reflection detected\n",
      "[[ 0.84179888 -0.14467293  0.52004268]\n",
      " [ 0.00859172  0.96688337  0.25507397]\n",
      " [-0.53972292 -0.21025292  0.81516432]]\n",
      "[[ 0.34613694]\n",
      " [-0.39057318]\n",
      " [ 1.71219103]]\n",
      "[[ 0.84273507 -0.1410557   0.51951987]\n",
      " [ 0.00829788  0.96835007  0.24945799]\n",
      " [-0.53826458 -0.20591609  0.81723302]]\n",
      "[[ 0.34078276]\n",
      " [-0.38935379]\n",
      " [ 1.6959005 ]]\n",
      "[[ 0.84074935 -0.14781786  0.52085546]\n",
      " [ 0.0013036   0.96255921  0.27106838]\n",
      " [-0.54142297 -0.22722158  0.80946373]]\n",
      "[[ 0.3552876 ]\n",
      " [-0.39398963]\n",
      " [ 1.75546763]]\n",
      "[[ 0.83992258 -0.14623478  0.52263318]\n",
      " [ 0.00464726  0.96491575  0.26251855]\n",
      " [-0.54268634 -0.21806645  0.81113412]]\n",
      "[[ 0.35067461]\n",
      " [-0.39313781]\n",
      " [ 1.73466383]]\n",
      "[[ 0.82915833 -0.14655025  0.53946221]\n",
      " [ 0.00601124  0.96730647  0.25353905]\n",
      " [-0.5589815  -0.20698118  0.80293117]]\n",
      "[[ 0.34610314]\n",
      " [-0.38676171]\n",
      " [ 1.76472762]]\n",
      "[DEBUG] Reflection detected\n",
      "[[ 0.84101754 -0.15276224  0.51899249]\n",
      " [ 0.01036331  0.96367969  0.26685963]\n",
      " [-0.54090859 -0.21905515  0.81205464]]\n",
      "[[ 0.36813146]\n",
      " [-0.40479991]\n",
      " [ 1.73329291]]\n",
      "[DEBUG] Reflection detected\n",
      "[[ 0.8399402  -0.15107949  0.52122495]\n",
      " [ 0.00758304  0.96364016  0.26709573]\n",
      " [-0.54262598 -0.22039197  0.81054576]]\n",
      "[[ 0.36319094]\n",
      " [-0.40406048]\n",
      " [ 1.73732146]]\n",
      "[DEBUG] Reflection detected\n",
      "[[ 0.83796479 -0.14678804  0.52561229]\n",
      " [ 0.01044056  0.96728208  0.25348839]\n",
      " [-0.54562441 -0.20692666  0.81208088]]\n",
      "[[ 0.34787669]\n",
      " [-0.39625646]\n",
      " [ 1.71712038]]\n",
      "[DEBUG] Reflection detected\n",
      "[[ 0.84118148 -0.15282885  0.51870711]\n",
      " [ 0.01591584  0.96581293  0.25875097]\n",
      " [-0.54051864 -0.20940086  0.81485635]]\n",
      "[[ 0.36406163]\n",
      " [-0.41189542]\n",
      " [ 1.71501015]]\n",
      "[[ 0.85237924 -0.17267088  0.49359335]\n",
      " [-0.01383645  0.9361323   0.35137567]\n",
      " [-0.52274102 -0.30633491  0.79555059]]\n",
      "[[ 0.41679065]\n",
      " [-0.46600841]\n",
      " [ 1.85664203]]\n",
      "[[ 0.83951786 -0.14378764  0.52396076]\n",
      " [ 0.00974003  0.96817493  0.25008488]\n",
      " [-0.54324478 -0.20484733  0.81420064]]\n",
      "[[ 0.34149797]\n",
      " [-0.37987282]\n",
      " [ 1.71397566]]\n",
      "[[ 0.83881021 -0.15226578  0.5226974 ]\n",
      " [ 0.00572681  0.96250723  0.27119555]\n",
      " [-0.54439383 -0.22448821  0.80823289]]\n",
      "[[ 0.35977329]\n",
      " [-0.40449724]\n",
      " [ 1.75259755]]\n",
      "[[ 0.83511155 -0.13305145  0.53374714]\n",
      " [-0.00719804  0.96758085  0.25245888]\n",
      " [-0.55003353 -0.21467326  0.80708024]]\n",
      "[[ 0.3139789 ]\n",
      " [-0.38751964]\n",
      " [ 1.73577929]]\n",
      "[[ 0.8445283  -0.14073763  0.51668644]\n",
      " [ 0.00455614  0.96670104  0.25586781]\n",
      " [-0.53549155 -0.21373351  0.8170476 ]]\n",
      "[[ 0.34413512]\n",
      " [-0.3910135 ]\n",
      " [ 1.70635031]]\n",
      "[[ 0.84142066 -0.14749563  0.51986182]\n",
      " [ 0.00884369  0.96565865  0.25966355]\n",
      " [-0.54030831 -0.21388877  0.81382954]]\n",
      "[[ 0.3487123 ]\n",
      " [-0.39915398]\n",
      " [ 1.71715245]]\n",
      "[[ 0.86812296 -0.16763119  0.46718551]\n",
      " [ 0.01806436  0.95129053  0.30776614]\n",
      " [-0.49602036 -0.25873945  0.82886531]]\n",
      "[[ 0.40102901]\n",
      " [-0.45926064]\n",
      " [ 1.67848242]]\n",
      "[[ 8.36459757e-01 -1.42963203e-01  5.29052547e-01]\n",
      " [ 9.83759347e-05  9.65413564e-01  2.60723303e-01]\n",
      " [-5.48028344e-01 -2.18032504e-01  8.07543659e-01]]\n",
      "[[ 0.32943286]\n",
      " [-0.39233352]\n",
      " [ 1.74311053]]\n",
      "[[ 0.83591181 -0.14721237  0.52875322]\n",
      " [ 0.00835061  0.96665924  0.25593002]\n",
      " [-0.54880026 -0.20951951  0.80927119]]\n",
      "[[ 0.34592122]\n",
      " [-0.39291373]\n",
      " [ 1.73170719]]\n",
      "[[ 0.8390914  -0.16434708  0.51857079]\n",
      " [ 0.01331715  0.95919198  0.28244185]\n",
      " [-0.54382744 -0.23008864  0.80703837]]\n",
      "[[ 0.39423089]\n",
      " [-0.42433692]\n",
      " [ 1.77315862]]\n",
      "[DEBUG] Reflection detected\n",
      "[[ 0.84691603 -0.14651983  0.51114105]\n",
      " [-0.00105369  0.96082102  0.27716755]\n",
      " [-0.53172561 -0.23527622  0.81358034]]\n",
      "[[ 0.35600752]\n",
      " [-0.39780753]\n",
      " [ 1.73645514]]\n",
      "[DEBUG] Reflection detected\n",
      "[[ 0.84122927 -0.14387642  0.52118413]\n",
      " [ 0.00451828  0.9657815   0.25931771]\n",
      " [-0.54065969 -0.2157908   0.81309374]]\n",
      "[[ 0.34622521]\n",
      " [-0.38659952]\n",
      " [ 1.72564408]]\n",
      "[DEBUG] Reflection detected\n",
      "[[ 0.87323646 -0.16267647  0.45934132]\n",
      " [ 0.08126263  0.97804608  0.19189127]\n",
      " [-0.48047317 -0.13023917  0.86728501]]\n",
      "[[ 0.41011348]\n",
      " [-0.46123868]\n",
      " [ 1.3927867 ]]\n",
      "[[ 0.83315762 -0.15739028  0.53016666]\n",
      " [-0.00392023  0.95694346  0.29024792]\n",
      " [-0.55302171 -0.24390064  0.79666773]]\n",
      "[[ 0.37224379]\n",
      " [-0.40154146]\n",
      " [ 1.81772628]]\n",
      "[[ 0.83961894 -0.14703255  0.52289719]\n",
      " [ 0.00858559  0.96613857  0.25788088]\n",
      " [-0.54310802 -0.21203229  0.8124506 ]]\n",
      "[[ 0.34770849]\n",
      " [-0.39636615]\n",
      " [ 1.72434632]]\n",
      "[DEBUG] Reflection detected\n",
      "[[ 0.82864929 -0.13611124  0.54296785]\n",
      " [ 0.01224416  0.97416235  0.22551672]\n",
      " [-0.5596342  -0.18022608  0.80890551]]\n",
      "[[ 0.31734784]\n",
      " [-0.35901987]\n",
      " [ 1.71020204]]\n",
      "[[ 0.83190017 -0.12983651  0.53952255]\n",
      " [ 0.00431263  0.97372684  0.22767837]\n",
      " [-0.55490855 -0.18707891  0.81060347]]\n",
      "[[ 0.30528839]\n",
      " [-0.36913697]\n",
      " [ 1.68960931]]\n",
      "[[ 0.8431462  -0.15505924  0.51484087]\n",
      " [ 0.00576396  0.96006656  0.27971232]\n",
      " [-0.53765348 -0.23287086  0.81037022]]\n",
      "[[ 0.36735365]\n",
      " [-0.41078102]\n",
      " [ 1.75661872]]\n",
      "[DEBUG] Reflection detected\n",
      "[[ 0.84095696 -0.14447958  0.52145666]\n",
      " [ 0.00389393  0.96528473  0.26117089]\n",
      " [-0.54108801 -0.21760296  0.8123255 ]]\n",
      "[[ 0.34642149]\n",
      " [-0.38647828]\n",
      " [ 1.7305975 ]]\n",
      "[[ 0.84314234 -0.14714547  0.51716458]\n",
      " [ 0.01053626  0.9661626   0.2577185 ]\n",
      " [-0.53758718 -0.2118444   0.81616296]]\n",
      "[[ 0.3552307 ]\n",
      " [-0.39415195]\n",
      " [ 1.70896627]]\n",
      "[DEBUG] Reflection detected\n",
      "[[ 0.84095314 -0.15541317  0.51830933]\n",
      " [ 0.00771067  0.96121131  0.27570521]\n",
      " [-0.54105301 -0.22785865  0.80953201]]\n",
      "[[ 0.37288707]\n",
      " [-0.40525481]\n",
      " [ 1.76501847]]\n",
      "[[ 0.84227484 -0.14699991  0.5186175 ]\n",
      " [ 0.0071069   0.96504302  0.26199517]\n",
      " [-0.53900147 -0.21698617  0.81387617]]\n",
      "[[ 0.35869576]\n",
      " [-0.40406273]\n",
      " [ 1.72593828]]\n",
      "[DEBUG] Reflection detected\n",
      "[[ 0.84078536 -0.14323778  0.52207558]\n",
      " [ 0.0039911   0.9659763   0.25859981]\n",
      " [-0.5413539  -0.21534328  0.81275041]]\n",
      "[[ 0.34151604]\n",
      " [-0.3947514 ]\n",
      " [ 1.72870143]]\n",
      "[DEBUG] Reflection detected\n",
      "[[ 8.46110259e-01 -1.40062056e-01  5.14276240e-01]\n",
      " [ 3.72602913e-04  9.65011869e-01  2.62205936e-01]\n",
      " [-5.33007778e-01 -2.21663512e-01  8.16558630e-01]]\n",
      "[[ 0.33309758]\n",
      " [-0.38770033]\n",
      " [ 1.72728241]]\n",
      "[DEBUG] Reflection detected\n",
      "[[ 0.84328202 -0.14648363  0.51712473]\n",
      " [-0.00855923  0.95836177  0.28542853]\n",
      " [-0.53740318 -0.24512294  0.80691547]]\n",
      "[[ 0.34774659]\n",
      " [-0.3918648 ]\n",
      " [ 1.78976069]]\n",
      "[DEBUG] Reflection detected\n",
      "[[ 0.8411289  -0.1418947   0.52188893]\n",
      " [ 0.00635177  0.96749461  0.25281185]\n",
      " [-0.54079739 -0.20933244  0.81468896]]\n",
      "[[ 0.3403885 ]\n",
      " [-0.38183138]\n",
      " [ 1.70527854]]\n",
      "[DEBUG] Reflection detected\n",
      "[[ 0.83877165 -0.14317256  0.5253225 ]\n",
      " [ 0.00972603  0.96859496  0.24845365]\n",
      " [-0.54439647 -0.20328657  0.81382249]]\n",
      "[[ 0.34633131]\n",
      " [-0.38928401]\n",
      " [ 1.70140605]]\n",
      "[DEBUG] Reflection detected\n",
      "[[ 0.83611353 -0.1459534   0.52878329]\n",
      " [ 0.00309476  0.96519394  0.26151689]\n",
      " [-0.5485477  -0.21702136  0.80746341]]\n",
      "[[ 0.35093447]\n",
      " [-0.39272031]\n",
      " [ 1.74775031]]\n",
      "[[ 0.83656529 -0.14661993  0.52788361]\n",
      " [ 0.00716562  0.96637044  0.25705412]\n",
      " [-0.54782038 -0.21125994  0.80948259]]\n",
      "[[ 0.34119065]\n",
      " [-0.3973846 ]\n",
      " [ 1.7348498 ]]\n",
      "[DEBUG] Reflection detected\n",
      "[[ 0.83542592 -0.1743329   0.52122123]\n",
      " [ 0.02809694  0.96066648  0.27627972]\n",
      " [-0.54888441 -0.21616652  0.80746389]]\n",
      "[[ 0.42422574]\n",
      " [-0.43356471]\n",
      " [ 1.73835207]]\n",
      "[[ 0.84060148 -0.14235054  0.52261408]\n",
      " [-0.00498062  0.96277624  0.27025379]\n",
      " [-0.54163119 -0.22977867  0.80860214]]\n",
      "[[ 0.33751568]\n",
      " [-0.38365221]\n",
      " [ 1.75789766]]\n",
      "[DEBUG] Reflection detected\n",
      "[[ 0.8406568  -0.14658196  0.52135389]\n",
      " [ 0.00552564  0.96494586  0.26239084]\n",
      " [-0.54154004 -0.21769982  0.81199826]]\n",
      "[[ 0.35173256]\n",
      " [-0.3931462 ]\n",
      " [ 1.72653842]]\n",
      "[DEBUG] Reflection detected\n",
      "[[ 0.83938479 -0.14764433  0.52310069]\n",
      " [ 0.00832715  0.96578028  0.25922791]\n",
      " [-0.54347386 -0.21323602  0.81189073]]\n",
      "[[ 0.35137028]\n",
      " [-0.39457266]\n",
      " [ 1.7255964 ]]\n",
      "[DEBUG] Reflection detected\n",
      "[[ 0.84201481 -0.14859853  0.51858416]\n",
      " [ 0.00878816  0.96496327  0.26223778]\n",
      " [-0.53938282 -0.2162507   0.81381928]]\n",
      "[[ 0.35324693]\n",
      " [-0.39640066]\n",
      " [ 1.727057  ]]\n",
      "[DEBUG] Reflection detected\n",
      "[[ 0.83588051 -0.14776988  0.52864718]\n",
      " [-0.03387098  0.9473623   0.3183668 ]\n",
      " [-0.54786543 -0.2840224   0.78687657]]\n",
      "[[ 0.34279197]\n",
      " [-0.38163138]\n",
      " [ 1.88983885]]\n",
      "[DEBUG] Reflection detected\n",
      "[[ 0.84210982 -0.14632304  0.5190767 ]\n",
      " [ 0.00382179  0.96408492  0.26556666]\n",
      " [-0.53929254 -0.22165249  0.8124246 ]]\n",
      "[[ 0.351728  ]\n",
      " [-0.40062407]\n",
      " [ 1.73876047]]\n",
      "[DEBUG] Reflection detected\n",
      "[[ 0.83967361 -0.13912184  0.52496985]\n",
      " [-0.00498744  0.96461658  0.26360953]\n",
      " [-0.54306846 -0.22396422  0.80926922]]\n",
      "[[ 0.33263161]\n",
      " [-0.38429186]\n",
      " [ 1.74912158]]\n",
      "[DEBUG] Reflection detected\n",
      "[[ 0.84166651 -0.14616662  0.51983921]\n",
      " [ 0.00674539  0.9654401   0.26053775]\n",
      " [-0.53995554 -0.21577938  0.81356455]]\n",
      "[[ 0.35359011]\n",
      " [-0.39789606]\n",
      " [ 1.72367673]]\n",
      "[DEBUG] Reflection detected\n",
      "[[ 0.84220851 -0.15068056  0.51766804]\n",
      " [ 0.01026956  0.96446159  0.26402345]\n",
      " [-0.53905414 -0.21704657  0.81382518]]\n",
      "[[ 0.36251336]\n",
      " [-0.4027172 ]\n",
      " [ 1.7219051 ]]\n",
      "[DEBUG] Reflection detected\n",
      "[[ 0.84063996 -0.14285321  0.52241499]\n",
      " [ 0.00747733  0.9675565   0.25254406]\n",
      " [-0.54154275 -0.20839236  0.81443482]]\n",
      "[[ 0.33900033]\n",
      " [-0.39543809]\n",
